0 0.4
1 0.404231
2 0.40819
3 0.412153
4 0.416116
5 0.420079
6 0.424042
7 0.428005
8 0.431968
9 0.435931
10 0.439894
11 0.443858
12 0.447821
13 0.451784
14 0.455747
15 0.45971
16 0.463673
17 0.467636
18 0.471599
19 0.475562
20 0.479525
21 0.483488
22 0.487451
23 0.491414
24 0.495377
25 0.49934
26 0.503303
27 0.507266
28 0.511229
29 0.515192
30 0.519155
31 0.523118
32 0.527081
33 0.531044
34 0.535007
35 0.538971
36 0.542934
37 0.546897
38 0.55086
39 0.554823
40 0.558786
41 0.562749
42 0.566712
43 0.570675
44 0.574638
45 0.578601
46 0.582564
47 0.586527
48 0.59049
49 0.594454
50 0.598417
51 0.60238
52 0.606343
53 0.610306
54 0.614269
55 0.618232
56 0.622195
57 0.626158
58 0.630121
59 0.634085
60 0.638048
61 0.642011
62 0.645974
63 0.649937
64 0.6539
65 0.657863
66 0.661827
67 0.66579
68 0.669753
69 0.673716
70 0.677679
71 0.681642
72 0.685605
73 0.689569
74 0.693532
75 0.697495
76 0.701458
77 0.705421
78 0.709385
79 0.713348
80 0.717311
81 0.721274
82 0.725237
83 0.729201
84 0.733164
85 0.737127
86 0.74109
87 0.745054
88 0.749017
89 0.75298
90 0.756944
91 0.760907
92 0.76487
93 0.768833
94 0.772797
95 0.77676
96 0.780723
97 0.784687
98 0.78865
99 0.792614
