0.383058 0.108428
0.383058 0.108428
0.383058 0.108428
0.383058 0.108428
0.383058 0.108428
0.383058 0.108428
0.383058 0.108428
0.383058 0.108428
0.383058 0.108428
0.383058 0.108428
0.383058 0.108428
0.383058 0.108428
0.383058 0.108428
0.383058 0.108428
0.383058 0.108428
0.383058 0.108428
0.383058 0.108428
0.383058 0.108428
0.383058 0.108428
0.383058 0.108428
0.383058 0.108428
0.383058 0.108428
0.383058 0.108428
0.383058 0.108428
0.383058 0.108428
0.383058 0.108428
0.383058 0.108428
0.383058 0.108428
0.383058 0.108428
0.383058 0.108428
0.383058 0.108428
0.383058 0.108428
0.383058 0.108428
0.383058 0.108428
0.383058 0.108428
0.383058 0.108428
0.383058 0.108428
0.383058 0.108428
0.383058 0.108428
0.383058 0.108428
0.383058 0.108428
0.383058 0.108428
0.383058 0.108428
0.383058 0.108428
0.383058 0.108428
0.383058 0.108428
0.383058 0.108428
0.383058 0.108428
0.383058 0.108428
0.383058 0.108428
0.383058 0.108428
0.383058 0.108428
0.383058 0.108428
0.383058 0.108428
0.383058 0.108428
0.383058 0.108428
0.383058 0.108428
0.383058 0.108428
0.383058 0.108428
0.383058 0.108428
0.383058 0.108428
0.383058 0.108428
0.383058 0.108428
0.383058 0.108428
